STARLINK-1008
1 44714U 19074B   26201.21370140  .00039227  00000+0  60016-3 0  9998
2 44714  53.1497 270.1063 0005092 339.2481  20.8322 15.54002605369346
STARLINK-1012
1 44718U 19074F   26201.26652178  .00040513  00000+0  60976-3 0  9996
2 44718  53.1533 270.0512 0005718 343.9778  16.1051 15.54434720369349
STARLINK-1017
1 44723U 19074L   26200.92434737  .00021922  00000+0  65652-3 0  9992
2 44723  53.0453 276.2444 0001121  75.7805 284.3321 15.34471123369202
STARLINK-1020
1 44725U 19074N   26200.68758038  .00049168  00000+0  59026-3 0  9990
2 44725  53.1541 295.2010 0004806 310.4366  49.6229 15.60416489368927
STARLINK-1036
1 44741U 19074AE  26200.44117656  .00049134  00000+0  28714-3 0  9990
2 44741  53.0401 259.9111 0003793  20.0740 340.0429 15.77893100369380
STARLINK-1044
1 44749U 19074AM  26201.21370140  .00039227  00000+0  60016-3 0  9998
2 44749  53.1497 270.1063 0005092 339.2481  20.8322 15.54002605369346
STARLINK-1051
1 44755U 19074AT  26201.26652178  .00040513  00000+0  60976-3 0  9996
2 44755  53.1533 270.0512 0005718 343.9778  16.1051 15.54434720369349
STARLINK-1058
1 44762U 19074BA  26200.92434737  .00021922  00000+0  65652-3 0  9992
2 44762  53.0453 276.2444 0001121  75.7805 284.3321 15.34471123369202
STARLINK-1064
1 44768U 19074BG  26200.68758038  .00049168  00000+0  59026-3 0  9990
2 44768  53.1541 295.2010 0004806 310.4366  49.6229 15.60416489368927
STARLINK-1070
1 44774U 19074BN  26200.44117656  .00049134  00000+0  28714-3 0  9990
2 44774  53.0401 259.9111 0003793  20.0740 340.0429 15.77893100369380
STARLINK-1082
1 44786U 19074BZ  26201.21370140  .00039227  00000+0  60016-3 0  9998
2 44786  53.1497 270.1063 0005092 339.2481  20.8322 15.54002605369346
STARLINK-1090
1 44794U 19074CH  26201.26652178  .00040513  00000+0  60976-3 0  9996
2 44794  53.1533 270.0512 0005718 343.9778  16.1051 15.54434720369349
STARLINK-1104
1 44807U 19074CV  26200.92434737  .00021922  00000+0  65652-3 0  9992
2 44807  53.0453 276.2444 0001121  75.7805 284.3321 15.34471123369202
STARLINK-1112
1 44815U 19074DD  26200.68758038  .00049168  00000+0  59026-3 0  9990
2 44815  53.1541 295.2010 0004806 310.4366  49.6229 15.60416489368927
STARLINK-1120
1 44823U 19074DM  26200.44117656  .00049134  00000+0  28714-3 0  9990
2 44823  53.0401 259.9111 0003793  20.0740 340.0429 15.77893100369380
STARLINK-1134
1 44836U 19074EA  26201.21370140  .00039227  00000+0  60016-3 0  9998
2 44836  53.1497 270.1063 0005092 339.2481  20.8322 15.54002605369346
STARLINK-1142
1 44844U 19074EJ  26201.26652178  .00040513  00000+0  60976-3 0  9996
2 44844  53.1533 270.0512 0005718 343.9778  16.1051 15.54434720369349
STARLINK-1150
1 44852U 19074ES  26200.92434737  .00021922  00000+0  65652-3 0  9992
2 44852  53.0453 276.2444 0001121  75.7805 284.3321 15.34471123369202
STARLINK-1164
1 44865U 19074FG  26200.68758038  .00049168  00000+0  59026-3 0  9990
2 44865  53.1541 295.2010 0004806 310.4366  49.6229 15.60416489368927
STARLINK-1170
1 44871U 19074FN  26200.44117656  .00049134  00000+0  28714-3 0  9990
2 44871  53.0401 259.9111 0003793  20.0740 340.0429 15.77893100369380
STARLINK-1182
1 44883U 19074GA  26201.21370140  .00039227  00000+0  60016-3 0  9998
2 44883  53.1497 270.1063 0005092 339.2481  20.8322 15.54002605369346
STARLINK-1190
1 44891U 19074GH  26201.26652178  .00040513  00000+0  60976-3 0  9996
2 44891  53.1533 270.0512 0005718 343.9778  16.1051 15.54434720369349
STARLINK-1204
1 44904U 19074GV  26200.92434737  .00021922  00000+0  65652-3 0  9992
2 44904  53.0453 276.2444 0001121  75.7805 284.3321 15.34471123369202
STARLINK-1212
1 44912U 19074HD  26200.68758038  .00049168  00000+0  59026-3 0  9990
2 44912  53.1541 295.2010 0004806 310.4366  49.6229 15.60416489368927
STARLINK-1220
1 44920U 19074HM  26200.44117656  .00049134  00000+0  28714-3 0  9990
2 44920  53.0401 259.9111 0003793  20.0740 340.0429 15.77893100369380
STARLINK-1234
1 44933U 19074HA  26201.21370140  .00039227  00000+0  60016-3 0  9998
2 44933  53.1497 270.1063 0005092 339.2481  20.8322 15.54002605369346
STARLINK-1242
1 44941U 19074HJ  26201.26652178  .00040513  00000+0  60976-3 0  9996
2 44941  53.1533 270.0512 0005718 343.9778  16.1051 15.54434720369349
STARLINK-1250
1 44949U 19074HS  26200.92434737  .00021922  00000+0  65652-3 0  9992
2 44949  53.0453 276.2444 0001121  75.7805 284.3321 15.34471123369202
STARLINK-1264
1 44962U 19074JG  26200.68758038  .00049168  00000+0  59026-3 0  9990
2 44962  53.1541 295.2010 0004806 310.4366  49.6229 15.60416489368927
STARLINK-1270
1 44968U 19074JN  26200.44117656  .00049134  00000+0  28714-3 0  9990
2 44968  53.0401 259.9111 0003793  20.0740 340.0429 15.77893100369380
